0    3.02    4.81
1    2.44    3.88
2    2.65    4.24
3    2.98    4.74
4    1.45    1.63
5    2.04    3.09
6    2.20    3.42
7    2.20    3.42
8    2.36    3.73
9    1.68    2.26
10    2.09    3.21
11    3.29    5.17
12    2.91    4.64
13    2.14    3.30
14    1.94    2.88
15    2.07    3.17
16    2.79    4.46
17    2.40    3.81
18    2.69    4.29
19    2.77    4.43
20    3.56    5.52
21    2.70    4.31
22    2.77    4.43
23    2.74    4.38
24    3.49    5.43
25    2.35    3.71
26    3.50    5.44
27    1.51    1.80
28    2.32    3.65
29    2.11    3.24
30    3.20    5.05
31    1.44    1.60
32    2.36    3.73
33    1.62    2.10
34    2.98    4.74
35    2.32    3.66
36    2.41    3.82
37    2.81    4.49
38    2.17    3.36
39    3.03    4.82
40    3.42    5.34
41    2.52    4.02
42    3.23    5.09
43    2.77    4.43
44    3.08    4.89
45    3.63    5.60
46    1.91    2.80
47    2.34    3.70
48    2.73    4.37
49    2.62    4.18
50    2.44    3.88
51    2.83    4.52
52    3.85    5.86
53    1.74    2.40
54    2.03    3.07
55    2.45    3.89
56    2.80    4.46
57    1.84    2.65
58    2.32    3.66
59    1.18    0.71
60    3.68    5.66
61    2.50    3.98
62    2.13    3.28
63    3.39    5.30
64    2.38    3.77
65    2.20    3.43
66    2.68    4.29
67    2.57    4.09
68    3.42    5.34
69    2.69    4.30
70    2.27    3.56
71    2.80    4.48
72    3.27    5.14
73    2.14    3.31
74    2.04    3.10
75    2.57    4.09
76    1.54    1.86
77    2.06    3.13
78    2.94    4.68
79    3.35    5.25
80    3.24    5.11
81    2.15    3.32
82    2.80    4.47
83    2.97    4.73
84    2.71    4.32
85    2.91    4.64
86    2.97    4.73
87    1.85    2.68
88    2.37    3.75
89    3.06    4.85
90    3.68    5.65
91    3.21    5.07
92    1.78    2.51
93    1.23    0.91
94    2.55    4.07
95    2.94    4.68
96    3.08    4.89
97    2.21    3.44
98    1.71    2.33
99    3.11    4.93
100    3.70    5.68
101    4.03    6.06
102    2.42    3.84
103    4.37    6.40
104    2.18    3.38
105    3.60    5.56
106    2.00    3.01
107    2.37    3.75
108    2.86    4.56
109    2.90    4.62
110    2.16    3.34
111    2.60    4.15
112    1.81    2.57
113    2.48    3.94
114    3.87    5.87
115    1.67    2.23
116    2.13    3.28
117    2.49    3.95
118    1.87    2.73
119    2.65    4.24
120    1.76    2.46
121    3.36    5.26
122    4.11    6.14
123    3.22    5.08
124    2.92    4.66
125    2.66    4.24
126    2.58    4.11
127    3.17    5.01
128    1.92    2.83
129    2.46    3.90
130    1.62    2.11
131    2.88    4.60
132    1.98    2.97
133    3.24    5.10
134    0.88    -0.54
135    3.03    4.81
136    3.68    5.65
137    0.80    -0.97
138    2.62    4.17
139    1.38    1.40
140    3.98    6.00
141    1.64    2.15
142    2.50    3.97
143    4.11    6.14
144    1.85    2.67
145    2.74    4.38
146    2.71    4.33
147    0.64    -1.95
148    1.58    1.99
149    1.21    0.84
150    3.52    5.47
151    4.57    6.60
152    3.80    5.80
153    4.68    6.70
154    5.02    7.01
155    5.04    7.02
156    6.16    7.90
157    4.59    6.62
158    2.35    3.71
159    6.53    8.15
160    1.23    0.89
161    6.19    7.91
162    5.24    7.20
163    1.68    2.26
164    3.45    5.38
165    2.75    4.39
166    8.23    9.15
167    8.79    9.44
168    4.57    6.60
169    9.16    9.62
170    10.57    10.24
171    6.69    8.26
172    6.46    8.10
173    2.02    3.05
174    16.17    12.09
175    19.20    12.83
176    7.17    8.55
177    20.05    13.02
178    10.86    10.36
179    6.73    8.28
180    27.20    14.35
181    26.21    14.18
182    30.00    14.77
183    44.69    16.50
184    9.50    9.78
185    40.41    16.07
186    35.44    15.50
187    48.79    16.88
188    50.54    17.04
189    50.39    17.02
190    60.76    17.84
191    67.96    18.32
192    40.02    16.02
193    44.83    16.52
194    55.79    17.47
195    55.38    17.43
196    72.24    18.59
197    70.95    18.51
198    90.39    19.56
199    142.84    21.55
200    101.93    20.08
201    128.57    21.09
202    151.75    21.81
203    163.33    22.13
204    179.76    22.55
205    236.67    23.74
206    268.01    24.28
207    368.54    25.66
208    417.47    26.21
209    480.29    26.82
210    506.39    27.04
211    561.33    27.49
212    689.80    28.39
213    722.88    28.59
214    824.89    29.16
215    906.77    29.57
216    1020.28    30.09
217    1121.08    30.50
218    1141.05    30.57
219    1372.85    31.38
220    1486.73    31.72
221    1699.94    32.30
222    1702.19    32.31
223    1902.06    32.79
224    1885.22    32.75
225    2088.31    33.20
226    2402.57    33.81
227    2422.98    33.84
228    2758.94    34.41
229    2794.46    34.46
230    2989.32    34.76
231    3112.15    34.93
232    3189.37    35.04
233    3696.24    35.68
234    3402.75    35.32
235    3517.62    35.46
236    3644.81    35.62
237    4053.32    36.08
238    4226.99    36.26
239    5246.00    37.20
240    5765.83    37.61
241    5051.99    37.03
242    5770.91    37.61
243    5603.21    37.48
244    6023.58    37.80
245    5946.88    37.74
246    6598.87    38.19
247    6847.25    38.36
248    6660.46    38.24
249    7104.00    38.52
250    7132.47    38.53
251    7583.09    38.80
252    8469.84    39.28
253    7790.66    38.92
254    8264.91    39.17
255    8824.16    39.46
